free_thresh: 0.196
image: rail_lab.pgm
negate: 0
occupied_thresh: 0.65
origin: [-0.5999999999999943, -3.4499999999999966, 0.0]
resolution: 0.025
